110010110000
10011
 10100
 10011
  01111
  00000
   11111
   10011
    11000
    10011
     10110
     10011
      01010
      00000
       10100
       10011
        0111




110010000000
10011
 10100
 10011
  01110
  00000
   11100
   10011
    11110
    10011
     11010
     10011
      10010
      10011
       00010
       00000
        0010


110100100000
10011
 10010
 10011
  00011
  00000
   00110
   00000
    01100
    00000
     11000
     10011
      10110
      10011
       01010
       00000
        1010



110010100000
10011
 10100
 10011
  01111
  00000
   11110
   10011
    11010
    10011
     10010
     10011
      00010
      00000
       00100
       00000
        0100


11000000000
10011
 10110
 10011
  01010
  00000
   10100
   10011
    01110
    00000
     11100
     10011
      11110
      10011
       1101


110000010000
10011
 10110
 10011
  01010
  00000
   10101
   10011
    01100
    00000
     11000
     10011
      10110
      10011
       01010
       00000
        1010

110010100000
10011
 10100
 10011
  01111
  00000
   11110
   10011
    11010
    10011
     10010
     10011
      00010
      00000
       00100
       00000
        0100

110000000000
10011
 10110
 10011
  01010
  00000
   10100
   10011
    01110
    00000
     11100
     10011
      11110
      10011
       11010
       10011
        1001


110100000000
10011
 10010
 10011
  00010
  00000
   00100
   00000
    01000
    00000
     10000
     10011
      00110
      00000
       01100
       00000
        1100

        