128
10
248
314
261
238
261
313
322
1
104
241
147
239
50
319
31
290
279
32
311
326
152
175
161
265
224
297
76
61
89
132
225
258
43
52
139
181
326
276
111
172
19
115
257
16
179
252
251
281
178
149
260
33
19
175
196
271
224
164
117
320
252
112
178
121
173
266
45
259
322
92
90
205
39
275
7
46
68
322
151
293
218
215
224
114
123
300
298
60
281
10
103
115
73
89
271
136
92
55
141
63
248
176
74
77
316
16
279
56
292
203
143
150
24
131
250
187
57
214
245
42
226
98
310
18
212
131
63
71
246
128
28
219
275
95
138
306
31
242
82
151
289
25
241
221
210
98
147
246
243
42
77
190
225
4
119
324
194
107
24
239
109
175
54
91
94
203
282
317
12
188
156
161
324
54
61
106
93
285
146
11
296
41
85
34
131
261
318
70
45
22
223
184
150
188
4
81
225
6
107
74
115
40
22
294
184
33
127
275
309
174
241
236
3
273
164
303
131
55
144
307
292
13
4
319
191
124
82
311
52
123
127
87
205
282
276
154
155
164
239
103
195
202
191
86
310
280
134
303
97
183
241
174
327
22
276
291
65
241
257
302
114
327
128
98
160
58
296
51
43
131
124
164
79
117
176
89
41
62
74
210
237
101
32
170
43
124
240
288
269
109
263
279
145
193
152
61
192
116
208
19
156
73
92
261
301
292
139
170
163
83
317
88
116
214
16
193
161
201
6
60
2
249
252
192
49
86
169
148
200
194
228
144
320
268
55
87
228
89
115
304
176
280
144
214
291
245
128
187
268
267
269
224
111
170
144
41
233
177
78
89
90
325
10
233
207
140
181
204
220
147
232
189
84
74
71
100
18
210
70
153
123
142
14
305
140
5
275
206
297
113
33
158
106
184
285
148
321
231
237
81
319
93
55
230
63
324
218
126
203
99
289
138
316
106
121
41
303
185
93
136
13
4
117
188
177
70
235
127
26
232
247
53
252
177
223
229
137
59
304
233
123
194
14
244
299
244
85
40
165
126
119
311
310
92
14
227
239
253
118
131
173
296
164
19
81
293
158
38
175
81
304
249
49
93
205
294
26
121
315
143
286
197
312
281
327
96
319
210
242
315
285
176
147
53
197
89
206
301
28
215
223
10
123
216
260
21
275
165
282
88
164
79
253
80
69
305
29
196
245
288
142
135
196
325
165
249
154
265
57
33
95
60
169
258
248
66
67
168
57
109
57
303
225
117
318
82
186
34
215
52
243
170
236
219
57
39
288
126
101
104
55
272
56
234
79
59
111
271
96
40
134
105
157
74
35
89
90
153
245
155
216
110
37
111
176
57
168
140
97
40
30
36
303
134
28
138
191
89
57
208
4
97
193
182
248
151
44
40
168
211
244
96
193
294
264
250
277
91
266
192
1
154
192
50
262
11
221
209
261
176
30
125
113
110
19
92
172
110
300
231
181
142
277
317
156
8
177
287
210
80
177
136
257
109
108
24
55
268
282
279
223
280
231
158
99
149
140
294
274
311
128
154
94
132
198
21
285
96
268
136
315
76
151
293
313
5
212
48
144
255
277
230
179
167
134
0
305
251
195
315
87
269
87
172
212
7
286
100
283
228
304
257
280
102
200
52
117
78
211
102
20
273
37
324
84
64
123
219
100
98
243
60
302
282
14
207
193
217
251
185
23
205
305
10
138
152
101
163
121
39
68
52
166
267
140
219
61
2
185
281
174
321
107
144
148
131
326
71
33
198
229
288
211
290
222
283
256
187
50
119
294
61
0
306
92
149
273
278
85
148
233
201
245
211
30
246
9
54
59
115
67
13
115
142
86
223
260
214
28
137
10
116
125
122
156
179
300
130
216
263
300
144
110
206
41
12
20
98
115
97
144
252
312
20
227
190
45
205
225
137
170
231
34
76
260
6
282
181
322
61
169
313
44
93
242
82
281
264
175
140
216
110
128
281
140
219
319
268
5
242
182
273
98
11
267
300
206
286
54
57
27
91
96
288
140
233
0
158
61
166
33
204
236
75
143
218
244
252
237
263
56
147
119
78
221
298
291
155
303
28
61
92
276
9
52
105
273
278
322
325
120
196
205
176
271
110
249
292
16
57
247
116
133
192
284
203
302
244
110
45
79
71
162
132
302
231
185
53
302
76
108
32
228
148
83
322
268
137
107
293
170
198
53
145
20
127
197
206
115
284
145
96
222
75
145
238
6
158
82
151
261
263
153
253
163
110
138
301
14
211
288
225
118
224
103
63
2
165
288
184
100
163
256
157
281
163
55
31
279
142
74
138
31
298
196
211
43
142
272
153
132
193
310
308
266
310
286
290
208
321
263
126
50
253
65
129
307
262
193
1
59
180
259
131
321
101
235
2
323
272
156
295
104
75
274
321
49
270
253
317
290
90
80
232
99
239
272
291
200
103
133
200
258
235
169
301
48
51
192
262
155
171
207
213
242
313
208
259
220
218
76
10
70
83
284
265
60
103
28
321
30
209
31
237
162
240
88
213
270
7
249
204
17
131
279
101
51
183
70
4
233
236
245
271
202
60
36
200
87
124
217
271
44
249
300
265
48
99
60
140
252
286
186
241
66
91
317
201
191
79
75
306
207
48
33
87
202
244
64
228
15
223
176
248
7
29
300
326
205
12
223
76
90
32
39
15
141
281
33
155
186
199
35
168
273
1
117
135
89
5
42
102
17
290
316
81
185
142
300
18
276
147
153
69
54
156
103
41
95
251
211
308
64
219
21
116
242
86
280
159
55
159
226
114
276
184
158
305
36
1
170
141
242
314
171
217
258
65
270
64
115
170
92
75
22
276
32
236
265
261
73
283
139
16
147
119
4
61
299
197
176
139
37
68
95
295
37
13
9
284
34
47
72
180
317
232
109
313
322
176
174
128
119
27
227
3
246
184
59
48
117
68
81
237
284
46
165
165
257
313
99
158
129
164
176
64
311
296
218
78
91
123
140
239
151
271
49
23
237
267
0
238
64
279
61
110
237
207
134
299
120
59
182
149
234
152
317
229
244
162
86
106
105
154
17
133
324
311
166
114
90
209
52
41
29
259
268
32
137
242
27
57
316
208
88
198
282
289
71
67
53
106
283
86
76
232
322
303
227
146
4
118
32
70
121
145
323
146
47
85
151
60
202
78
318
131
147
50
136
85
5
253
93
126
242
163
300
209
275
226
199
156
144
12
218
123
125
225
36
127
230
154
47
110
47
318
18
234
208
238
244
250
41
118
156
271
223
290
17
151
87
4
12
117
30
231
75
200
319
253
318
112
180
259
176
75
270
42
56
317
295
119
324
68
111
274
128
313
7
226
35
10
307
38
191
183
265
35
269
23
313
170
117
65
93
224
164
178
278
129
180
233
277
165
24
23
159
319
311
77
204
190
106
283
184
40
37
232
313
127
86
182
54
215
109
326
11
8
218
205
147
110
232
213
200
327
231
157
137
149
121
94
286
206
239
43
289
21
258
193
143
31
48
172
157
267
83
306
149
29
148
154
285
146
146
212
279
32
122
73
9
283
45
290
228
104
43
215
219
287
13
46
223
62
279
30
263
175
246
119
241
184
19
241
133
37
273
234
253
152
112
245
76
227
9
315
180
174
40
303
236
133
194
150
212
11
176
11
21
86
241
260
195
173
151
240
122
207
76
11
32
53
218
49
321
112
31
198
136
185
23
25
286
132
143
261
273
129
47
254
76
114
133
293
93
161
140
139
38
68
92
305
29
219
57
61
84
38
221
19
267
39
41
296
325
172
282
184
86
148
129
131
100
16
77
160
193
114
162
143
6
312
297
292
175
282
158
89
24
74
125
236
259
97
73
281
317
109
138
104
161
257
259
212
102
175
322
180
269
135
323
16
161
287
100
184
247
7
320
155
155
258
38
50
303
201
24
16
240
96
316
259
198
126
203
301
102
284
224
72
270
130
3
64
320
297
315
242
198
277
276
168
174
271
17
22
107
322
58
78
80
258
202
278
73
212
310
86
129
10
217
257
319
138
147
154
310
285
211
124
153
141
9
255
117
89
215
109
210
240
265
278
161
30
254
175
162
121
201
128
224
296
168
227
59
5
319
39
298
164
129
194
84
91
90
98
28
315
218
319
13
194
8
312
161
129
44
10
33
249
83
219
109
92
40
180
289
37
9
17
132
144
177
213
138
99
32
254
291
208
34
57
74
229
218
94
99
260
217
226
84
142
90
38
173
279
214
37
16
18
277
270
324
76
227
318
307
268
263
181
316
308
90
88
142
195
115
78
1
93
197
3
230
134
285
136
158
72
180
99
59
191
143
214
89
110
243
45
104
180
153
209
179
143
251
248
142
77
158
280
233
254
160
212
233
37
2
293
145
294
176
61
102
280
194
136
287
35
281
292
196
204
312
228
294
191
144
93
171
317
79
273
187
27
44
138
31
123
145
179
227
96
204
327
0
140
291
209
154
267
162
38
115
188
297
14
101
245
146
217
173
183
195
174
248
301
207
98
60
144
232
6
176
239
32
39
115
87
221
166
243
205
125
284
223
114
246
215
36
66
70
278
266
57
95
318
157
299
115
135
278
310
40
202
105
142
172
30
322
243
30
284
136
204
176
114
73
95
228
53
215
42
149
317
88
128
278
266
321
196
312
13
161
311
255
96
135
177
250
201
17
207
18
69
80
259
84
302
45
50
237
280
109
200
52
96
104
62
190
127
173
133
122
205
14
296
183
219
72
28
307
176
83
40
87
229
7
6
38
34
41
33
199
220
185
211
196
84
299
312
187
222
139
226
271
250
315
221
39
5
57
6
153
286
264
262
65
45
183
34
320
187
135
229
293
70
261
41
107
146
178
157
229
105
0
226
267
67
80
173
296
85
243
61
13
259
149
217
38
327
231
245
320
50
248
301
300
243
168
281
59
199
73
317
200
201
205
186
39
281
135
47
43
322
138
115
210
199
160
37
21
131
113
185
176
273
148
46
258
53
73
183
90
210
164
7
241
166
227
127
262
258
172
198
264
141
243
58
170
264
236
314
283
41
126
22
119
248
104
48
131
15
157
274
3
197
150
214
97
199
207
38
66
71
55
130
234
162
85
76
70
7
161
137
39
199
252
222
142
73
231
44
141
203
278
73
20
230
230
92
92
60
293
206
310
171
151
137
137
240
187
325
180
14
223
36
71
308
155
237
6
225
164
229
109
250
309
48
128
104
123
239
154
49
320
232
309
77
17
316
87
116
96
277
204
268
228
20
106
285
164
145
216
249
39
277
114
4
130
308
79
317
50
75
138
27
130
13
122
15
40
245
127
71
28
25
268
147
156
232
127
264
291
319
61
69
167
322
161
184
289
277
44
110
78
137
154
72
232
72
232
263
126
288
227
279
206
290
261
66
160
291
46
263
231
120
231
315
47
303
185
85
32
5
286
85
120
112
243
146
161
245
229
166
27
288
284
142
209
121
165
159
241
278
30
191
15
186
200
31
11
295
49
202
254
165
178
241
264
145
44
101
118
9
122
104
324
221
127
260
282
177
55
287
246
80
175
169
15
146
187
277
236
176
199
260
223
89
168
299
115
191
109
2
316
124
14
179
135
195
166
139
26
101
95
34
196
43
178
207
283
249
176
199
90
284
27
198
198
60
140
32
110
7
262
131
321
4
99
218
61
126
85
155
34
163
218
17
286
319
317
202
226
60
244
304
99
109
164
173
122
6
70
248
202
140
255
1
37
19
9
99
224
59
150
244
252
272
118
250
229
212
147
267
246
97
232
169
305
258
186
229
276
148
29
165
193
286
99
322
35
180
121
79
263
177
230
228
312
310
237
141
241
140
132
73
100
191
74
75
273
157
253
294
295
23
177
39
57
276
57
55
238
137
251
138
318
137
121
144
182
125
128
135
55
326
9
162
207
142
121
29
65
23
124
186
154
121
111
175
271
73
322
14
255
168
307
308
50
58
202
247
168
190
90
71
237
146
99
309
18
48
165
87
249
205
145
267
163
244
177
273
174
99
33
243
31
190
289
15
277
192
128
20
260
293
186
168
212
89
324
174
301
303
87
30
253
204
259
129
317
164
158
87
264
258
223
21
177
92
288
49
22
271
133
147
129
191
244
39
237
123
206
290
198
287
189
17
10
307
13
234
291
279
254
75
229
255
213
150
3
57
161
268
124
156
56
215
111
266
186
5
87
23
179
94
172
5
210
260
280
280
191
277
101
299
106
92
259
258
239
11
141
240
184
252
283
171
318
26
226
213
24
110
39
21
277
218
41
89
307
36
31
22
194
168
100
232
99
44
61
242
134
182
249
107
71
288
46
119
284
253
177
25
190
123
216
159
136
203
286
152
77
315
45
221
8
31
321
55
57
215
175
311
317
144
325
79
281
61
119
262
232
146
4
317
225
190
260
281
300
129
91
110
190
149
293
59
203
208
154
43
222
288
2
50
152
252
46
218
57
286
69
12
41
151
84
39
92
181
315
38
263
293
286
171
98
283
268
161
293
269
312
109
274
321
99
159
241
88
86
226
44
96
292
225
171
276
150
74
170
17
44
196
100
223
75
187
0
199
290
303
49
2
203
141
313
97
217
162
133
109
145
103
322
309
51
254
30
88
274
291
279
326
266
18
140
318
310
307
187
87
196
68
153
64
231
319
203
106
279
40
286
1
258
147
85
159
89
237
265
24
209
201
0
149
9
208
318
209
212
321
61
190
2
153
232
17
156
138
227
233
56
240
105
323
148
296
251
239
15
120
139
81
45
268
320
217
112
294
164
69
1
316
98
144
221
78
170
292
73
48
107
88
146
26
233
208
199
130
197
214
269
308
155
143
212
269
21
0
279
266
124
287
229
21
209
293
232
152
106
226
89
138
311
314
12
111
260
316
152
183
46
124
151
29
89
309
167
278
273
3
61
244
241
156
151
116
74
48
242
160
106
27
320
139
88
295
274
26
31
212
85
300
11
62
120
284
299
238
32
12
46
127
163
156
161
166
15
270
115
185
307
23
169
115
240
80
92
120
89
93
301
2
87
297
73
173
153
239
92
133
266
138
36
325
157
61
113
41
78
118
194
217
326
121
216
145
312
285
83
260
96
110
117
8
258
287
302
324
74
177
10
81
28
311
52
271
114
154
253
47
281
250
266
37
47
311
102
313
29
66
243
251
126
12
91
112
50
24
208
106
209
187
198
60
128
155
322
20
281
105
13
8
246
240
49
245
45
257
262
48
203
14
190
10
186
189
110
84
240
216
45
145
74
162
73
261
72
246
182
5
94
47
61
293
262
289
8
181
88
83
78
304
22
36
291
160
127
187
315
234
300
226
162
134
15
129
292
106
34
146
45
57
149
244
11
174
300
238
45
220
119
47
171
284
316
5
20
63
303
7
122
107
44
45
16
145
225
249
129
219
197
42
85
55
230
111
62
122
12
225
155
132
251
211
105
63
294
92
256
118
258
116
184
117
276
288
139
303
87
158
96
125
100
91
246
258
297
181
13
167
47
30
98
66
121
117
32
256
152
113
1
117
40
127
99
237
175
227
171
125
141
285
308
219
273
89
231
322
155
133
247
226
78
57
52
223
191
92
28
56
101
175
319
233
195
117
52
2
238
88
176
168
119
204
151
130
277
133
166
280
113
111
90
104
116
25
289
199
116
272
99
183
31
32
69
34
137
295
152
142
319
65
305
51
255
281
251
30
7
286
269
218
324
61
109
149
185
278
188
297
52
268
182
259
173
59
171
123
106
18
113
294
281
323
150
103
301
31
179
303
26
254
193
273
134
65
146
268
316
144
205
215
4
155
137
122
110
275
325
170
189
90
228
308
326
11
47
49
182
85
89
241
251
39
12
303
44
9
294
256
225
233
233
31
147
137
84
154
93
12
323
223
320
136
68
252
9
216
99
320
0
224
64
4
282
269
221
221
75
240
251
122
291
141
255
201
178
227
70
295
54
209
50
57
280
241
110
77
208
25
172
87
27
35
116
296
57
230
95
315
95
254
297
92
251
87
22
250
294
241
70
46
264
136
137
150
22
297
109
280
173
135
226
210
59
220
184
69
179
159
311
273
145
10
312
277
178
261
28
81
212
130
316
104
21
16
0
50
4
1
72
262
144
229
311
291
60
305
136
128
278
264
3
159
113
254
106
21
155
168
207
305
149
305
312
72
270
43
125
12
199
165
266
293
48
287
243
310
173
276
96
185
322
67
31
88
60
227
71
194
276
261
257
271
169
327
147
95
2
48
111
12
101
98
226
204
147
256
257
299
58
251
117
163
291
41
41
229
223
286
200
243
319
312
296
37
184
217
164
207
185
163
303
80
33
222
75
40
58
57
25
13
204
156
178
204
174
302
95
143
29
266
88
156
68
59
205
39
278
131
309
0
156
160
156
297
165
111
190
61
66
230
294
240
291
48
189
8
296
278
23
100
61
135
240
139
304
193
287
109
56
29
125
264
247
108
200
137
185
129
221
89
135
306
266
184
174
118
315
144
12
23
72
93
95
323
107
282
180
65
279
128
277
4
71
38
146
46
73
111
282
115
75
159
242
110
216
79
209
35
321
87
325
217
254
168
80
80
50
238
167
303
13
33
238
283
204
216
205
309
161
125
165
42
241
192
46
93
186
214
271
255
229
182
282
196
20
90
138
101
32
199
93
197
68
135
65
243
181
267
131
219
289
136
44
16
155
327
198
20
308
272
82
58
315
7
250
249
221
8
241
232
272
247
125
315
129
143
58
49
245
203
297
50
42
152
304
278
164
261
50
279
152
314
192
167
132
9
279
307
164
118
204
123
262
24
109
211
306
146
36
0
237
252
103
45
85
234
192
216
214
234
274
246
35
128
15
128
139
195
103
272
229
15
17
214
76
41
232
65
141
282
318
198
255
200
269
89
188
164
114
8
182
46
242
249
39
204
123
275
74
131
120
11
235
326
172
93
46
41
35
26
254
86
90
226
0
50
218
36
217
105
320
294
199
39
320
258
9
103
277
93
252
256
83
19
91
92
24
139
104
310
51
210
47
127
18
127
81
18
34
37
127
269
253
207
325
116
228
210
213
93
88
181
268
237
84
105
128
44
86
206
110
40
171
51
321
43
291
74
54
209
142
213
294
265
185
324
220
65
22
14
25
164
320
290
294
288
223
46
113
308
61
284
181
273
293
259
8
176
287
50
57
287
321
326
204
82
234
45
129
221
100
203
223
29
275
304
108
179
286
243
232
77
154
166
33
302
326
205
95
267
213
168
160
131
32
107
90
87
37
213
225
145
213
295
38
109
84
240
68
225
67
85
108
236
90
107
294
292
191
212
23
107
125
20
29
164
58
239
276
41
59
168
279
274
120
105
107
221
52
247
134
300
25
240
114
82
93
168
211
292
146
244
310
192
249
314
245
38
209
65
195
86
287
35
323
273
250
75
171
233
3
280
196
166
302
36
55
273
237
214
268
241
129
234
254
89
5
253
4
278
304
207
31
88
224
74
312
25
55
287
68
62
262
101
69
125
70
78
160
209
111
243
223
291
93
85
229
69
298
155
71
312
173
273
56
291
202
24
134
282
311
135
52
7
18
258
155
43
145
288
94
322
137
61
90
156
325
325
44
128
239
144
155
113
313
169
309
6
75
83
257
44
164
297
145
90
273
124
126
326
46
227
268
114
252
259
139
90
141
140
258
313
98
151
221
193
247
96
264
234
195
254
97
166
81
106
130
54
236
186
240
284
284
83
203
121
243
253
240
238
177
323
210
66
318
238
162
300
162
227
144
64
108
20
306
80
214
178
213
23
274
81
26
99
69
13
169
275
69
247
192
300
98
327
314
192
206
273
129
65
257
48
264
272
188
305
158
86
66
112
35
172
270
236
253
167
261
141
197
231
190
249
50
195
232
228
94
237
224
258
198
322
87
323
47
45
326
203
161
46
137
135
312
72
286
228
309
115
91
234
85
22
260
75
124
55
264
73
149
123
29
0
49
149
199
148
320
265
264
250
100
36
279
113
215
0
227
93
164
116
111
30
51
62
105
326
327
227
216
204
186
154
105
93
271
154
165
229
36
221
241
133
14
20
29
210
317
284
171
3
43
228
228
216
77
159
52
101
169
292
121
279
7
29
126
284
71
174
227
256
206
240
17
325
198
176
242
231
300
321
46
260
102
67
31
141
237
173
277
269
76
44
20
252
157
152
269
122
225
262
307
215
295
43
183
125
222
243
148
280
266
214
280
317
95
124
104
103
41
16
144
194
70
148
295
46
295
324
231
275
122
33
9
63
186
59
189
274
236
174
296
100
82
117
163
90
35
117
56
44
75
305
176
28
104
174
26
209
169
71
209
233
68
295
259
54
185
112
319
8
321
138
263
59
35
237
145
281
188
311
162
202
35
70
87
57
58
233
269
275
275
279
247
273
293
110
27
83
32
76
46
6
159
189
290
169
175
173
191
88
94
201
55
129
35
32
93
43
71
324
124
76
218
246
235
150
301
63
260
14
217
208
326
99
14
272
304
81
318
234
116
152
206
151
28
2
283
306
255
212
206
8
14
66
26
307
238
82
181
299
276
9
9
155
326
249
79
217
239
72
44
125
236
264
247
88
61
295
95
77
154
265
129
41
42
16
141
191
166
89
277
197
58
198
82
275
42
224
148
70
40
59
8
255
55
21
199
151
144
139
190
218
200
37
89
85
322
320
120
6
104
0
205
2
257
26
217
320
297
255
270
90
319
259
302
102
239
137
297
40
274
275
68
16
321
151
265
16
324
31
262
239
312
102
167
179
219
217
290
94
126
47
96
98
58
199
126
179
312
146
52
326
135
101
306
119
293
53
107
254
183
137
309
118
239
161
291
95
289
155
265
107
44
97
188
130
216
35
85
68
306
45
212
156
72
296
260
243
65
305
305
122
43
285
89
232
164
76
307
314
163
175
204
265
89
50
52
108
124
215
220
56
93
292
143
202
116
196
36
158
87
292
165
142
60
91
181
239
215
207
202
306
203
253
255
197
143
12
106
169
107
178
8
153
51
164
122
41
307
92
157
8
3
186
234
67
72
124
274
176
34
64
216
84
127
10
6
240
263
222
43
12
172
312
2
95
75
59
29
121
40
241
257
320
283
294
5
194
255
265
146
130
96
272
191
202
319
15
121
125
24
71
137
203
7
321
191
322
235
177
324
122
31
216
63
31
261
71
207
52
138
39
324
241
66
281
227
120
188
153
44
292
159
63
263
216
295
204
1
15
119
197
87
264
23
215
48
99
103
90
188
39
247
249
117
42
112
326
22
167
138
279
293
246
264
182
226
64
91
259
262
46
144
258
291
4
96
76
121
218
147
73
209
113
131
31
237
104
245
124
186
232
256
216
171
200
109
218
85
306
98
97
258
27
248
306
202
320
15
263
286
136
249
203
129
121
9
127
177
63
326
175
276
94
309
85
52
92
292
92
157
75
46
280
17
275
213
91
321
113
210
225
308
306
114
142
65
123
106
265
176
263
61
135
102
70
78
302
78
238
278
187
30
31
4
32
318
178
323
152
96
139
135
37
48
252
273
10
61
68
5
144
239
116
313
117
60
40
6
272
153
20
30
35
204
67
49
180
66
154
54
178
216
56
241
69
111
200
124
62
90
119
281
86
137
68
153
40
146
98
221
23
276
184
15
287
125
288
272
214
223
22
39
319
311
66
5
8
212
104
219
32
54
326
208
55
58
289
136
285
284
225
204
207
206
218
218
85
151
35
114
246
204
303
101
202
270
258
224
163
161
295
304
112
110
300
55
313
284
16
11
54
327
292
104
136
127
312
143
17
237
172
14
30
174
262
239
244
239
281
69
158
184
170
295
302
15
194
99
108
205
178
25
322
55
53
78
74
312
57
122
149
271
140
90
273
60
196
296
10
289
326
29
240
273
165
287
77
110
48
302
293
286
114
273
229
161
135
293
253
143
75
9
23
66
251
145
13
210
125
292
184
94
144
279
301
185
108
218
31
12
118
305
56
103
199
43
33
282
70
274
222
78
56
155
300
21
49
319
222
82
124
90
269
238
30
18
200
97
206
200
234
244
218
92
189
306
203
104
125
312
258
209
151
12
71
107
132
133
276
106
205
207
314
57
232
253
164
95
92
276
65
195
235
279
52
308
146
326
276
92
44
73
6
296
181
261
240
239
118
2
250
322
216
227
216
78
170
250
287
60
103
102
322
6
41
171
192
300
3
14
289
141
121
297
145
90
94
247
81
115
6
138
159
154
155
203
56
213
316
273
27
126
0
25
28
270
124
231
116
80
133
296
168
236
161
9
83
136
299
142
145
130
4
325
81
112
215
289
111
40
52
292
211
190
176
265
252
158
103
43
170
325
225
226
214
204
106
125
98
10
188
210
50
197
127
274
307
58
233
75
53
293
203
205
242
159
7
147
146
325
59
102
263
85
264
259
127
48
27
180
29
279
106
150
123
77
194
282
31
195
14
225
263
244
89
167
65
278
153
73
226
290
205
175
189
57
203
287
311
274
131
294
256
209
42
83
86
31
158
243
304
77
317
188
188
320
148
260
169
146
257
209
76
75
234
288
285
295
293
294
241
249
102
186
65
61
279
220
38
166
105
311
95
256
229
157
310
141
293
169
275
29
261
158
312
202
297
64
121
206
99
29
95
171
85
159
266
106
88
212
133
110
254
238
229
307
120
90
180
154
244
161
317
203
74
271
295
56
25
41
136
191
139
317
106
83
29
117
248
296
19
127
244
318
301
32
105
145
0
40
53
0
182
104
118
298
233
7
87
182
164
26
2
7
243
107
227
205
18
219
267
267
265
125
299
111
76
285
322
23
176
148
239
147
92
121
45
282
258
229
132
313
283
85
261
74
212
81
136
272
269
226
143
320
4
133
275
291
198
209
55
204
269
323
113
255
95
265
21
134
296
252
271
29
84
211
33
170
143
28
220
195
148
154
235
112
21
168
201
199
107
252
5
304
198
237
85
158
114
189
188
171
133
142
66
69
56
326
289
80
103
157
257
59
138
276
136
292
89
12
157
5
33
136
106
281
178
309
289
192
208
129
245
64
183
53
114
34
169
281
250
257
128
116
81
123
198
137
308
208
278
195
275
52
10
167
177
99
65
69
255
211
238
251
108
150
172
234
81
26
195
180
9
181
223
298
229
166
95
194
119
202
297
29
81
202
206
250
253
62
14
119
220
244
202
319
233
121
122
41
10
322
42
58
199
324
35
206
307
138
56
176
133
300
156
226
137
163
266
221
257
158
146
173
142
165
229
27
312
7
26
236
325
63
76
206
31
186
163
91
301
165
113
69
149
209
157
283
73
146
297
171
0
53
227
36
33
25
254
309
247
176
173
31
190
200
143
187
243
261
192
296
248
220
102
115
178
302
249
114
224
208
211
118
161
84
318
262
283
46
16
60
160
22
167
44
130
224
222
148
147
68
5
273
236
121
323
157
119
306
18
56
322
252
51
9
325
267
122
183
22
297
45
68
57
261
236
1
67
123
95
164
255
122
108
221
75
189
223
291
89
287
5
207
151
26
326
48
292
302
296
210
70
39
20
70
160
310
249
46
300
61
8
238
311
290
322
104
283
262
40
219
87
321
65
104
200
112
33
38
77
226
151
189
315
17
79
55
252
248
44
91
198
51
10
303
272
125
111
306
119
27
144
221
5
166
19
30
27
277
274
41
238
87
284
57
41
168
169
270
1
168
86
137
164
276
285
220
313
170
216
319
203
326
55
181
273
247
318
35
225
139
314
43
236
270
273
173
221
275
39
236
275
171
152
279
323
112
166
103
166
325
39
57
224
210
81
239
229
15
67
259
125
143
209
289
75
189
324
5
243
295
229
55
189
40
315
49
199
91
102
325
108
171
260
180
249
213
8
135
79
242
308
279
94
255
147
297
303
250
284
95
197
30
99
88
59
226
292
52
19
267
21
205
302
284
219
129
68
64
84
192
245
72
86
92
224
284
122
167
45
214
295
94
230
113
128
293
86
205
97
5
63
208
309
297
143
267
208
94
178
316
34
6
53
297
55
116
327
216
261
256
277
179
143
74
208
41
271
233
32
121
38
42
7
315
178
105
224
58
160
28
147
63
43
86
27
84
181
204
268
211
168
193
225
256
237
198
50
140
288
50
199
124
66
64
233
178
282
42
43
265
307
304
244
207
103
213
252
243
72
302
293
273
236
194
314
234
302
68
54
252
73
147
126
52
104
63
191
218
97
121
296
192
192
78
139
190
10
95
43
290
290
120
39
255
8
70
201
246
29
30
241
70
308
195
217
77
41
123
38
46
217
284
255
138
312
236
206
280
21
26
241
73
54
118
183
183
143
222
84
102
65
197
28
113
172
125
111
55
63
93
310
102
55
75
64
84
151
116
216
264
199
227
266
109
190
189
137
256
124
318
51
280
40
119
194
91
283
122
318
179
0
242
283
19
144
275
79
23
142
133
316
106
84
191
78
270
184
320
22
193
221
287
74
286
211
92
259
219
87
299
251
326
304
273
268
258
164
283
219
282
36
139
53
269
7
325
182
108
146
263
12
216
180
310
15
290
147
177
120
228
142
43
193
54
87
314
299
143
259
83
288
219
207
76
6
79
101
307
312
172
155
190
2
63
212
172
279
145
44
200
56
22
157
308
314
244
69
254
132
155
47
241
306
184
14
308
149
22
306
72
92
35
261
35
267
303
2
239
172
43
65
79
66
11
303
9
19
147
283
74
233
296
265
270
181
208
98
307
182
99
39
137
15
264
154
155
148
40
26
151
202
184
15
152
203
119
229
283
236
8
77
175
133
84
144
265
35
7
84
294
183
161
163
293
135
127
149
14
25
192
236
133
107
125
326
192
242
120
42
231
142
82
77
70
72
196
30
251
205
290
225
253
278
231
34
261
64
212
201
153
323
210
63
8
168
89
85
68
9
288
314
192
113
306
225
16
11
171
77
179
260
135
84
260
322
179
124
15
286
133
238
219
213
50
53
185
226
306
317
64
39
88
107
105
85
301
103
36
292
51
242
259
313
273
179
156
217
48
55
115
189
171
154
283
226
167
230
17
8
37
49
232
259
143
258
166
207
25
248
245
324
51
288
299
36
131
14
202
246
57
238
65
30
290
141
177
286
208
98
97
113
188
243
61
323
265
98
171
192
102
179
195
223
232
111
36
297
130
43
96
87
270
235
281
282
135
33
155
45
323
273
289
44
41
194
112
262
116
73
172
290
182
44
185
156
177
69
120
217
48
38
284
124
270
67
124
323
18
288
234
187
178
198
60
175
195
146
57
159
184
108
150
315
256
285
279
15
293
325
144
112
325
64
318
138
142
218
194
73
261
23
197
136
272
101
115
110
279
316
318
147
151
261
13
295
321
3
304
67
183
191
286
185
104
157
174
290
145
318
36
322
212
291
245
24
291
16
105
325
258
232
94
83
197
67
255
144
59
236
182
307
277
95
325
202
175
323
246
132
57
136
107
110
213
146
18
33
98
113
262
200
109
47
317
205
24
178
313
319
146
23
253
123
196
274
294
141
28
208
37
257
157
224
137
2
290
253
228
69
58
35
95
312
145
213
45
144
162
67
209
184
283
12
293
266
64
110
156
196
144
84
124
320
244
287
111
123
150
259
45
89
52
217
21
145
36
167
66
239
5
326
220
298
183
166
173
228
178
104
130
120
36
192
196
32
288
164
272
157
165
112
39
103
138
243
60
51
115
297
277
224
104
38
224
125
224
87
180
205
27
235
36
211
205
85
32
134
110
151
133
4
63
55
217
168
218
158
158
270
73
306
13
212
200
60
28
0
139
3
41
120
256
286
275
324
183
272
159
111
30
25
121
107
238
301
23
70
43
141
191
274
263
195
10
41
210
71
22
146
327
111
229
273
46
175
197
202
166
245
214
153
214
24
262
139
109
48
304
296
190
173
292
78
69
261
115
254
223
211
197
17
212
251
327
33
63
278
61
133
32
123
252
174
20
188
184
318
92
102
34
78
103
46
191
240
194
115
267
135
176
96
144
264
214
230
9
128
164
125
55
288
327
319
94
138
291
40
98
92
282
257
245
7
52
7
206
220
39
320
167
2
180
133
39
117
107
153
25
31
54
30
295
75
293
235
308
61
77
213
142
110
131
274
93
71
158
112
252
25
2
98
266
224
190
206
311
2
2
95
234
246
263
116
170
95
169
225
244
11
243
169
57
249
83
213
139
310
55
222
175
200
160
278
124
239
11
3
11
235
22
99
260
20
190
310
309
186
201
283
326
106
185
152
167
277
266
101
53
159
210
2
76
199
274
21
48
191
276
2
82
33
299
178
146
286
59
16
285
70
320
46
89
189
133
217
67
175
161
265
251
86
282
236
310
14
117
94
108
275
151
158
83
141
320
315
26
65
270
84
255
13
139
103
140
152
162
220
267
139
243
14
260
284
101
199
181
184
124
253
142
82
292
232
160
208
237
132
130
68
87
184
306
167
262
28
199
268
191
154
218
254
16
269
26
14
0
285
230
148
87
221
77
238
214
118
57
97
214
207
121
71
257
121
122
245
323
23
76
204
317
142
287
163
302
279
242
228
159
36
270
220
137
18
260
109
264
170
103
216
96
101
83
232
64
159
301
176
293
255
1
7
154
114
109
52
296
247
56
287
277
113
44
271
85
289
150
95
305
221
228
201
67
1
193
104
276
43
60
102
154
207
296
103
144
133
235
323
189
17
18
262
225
325
207
59
81
11
278
318
50
236
289
236
319
64
64
274
198
302
179
53
224
316
64
314
249
66
157
282
177
57
114
274
51
286
29
214
286
95
285
300
38
314
72
60
75
88
57
69
290
290
57
274
177
2
141
184
279
244
283
104
143
149
96
167
302
71
22
269
216
112
233
265
2
32
275
285
204
167
297
178
205
150
7
243
26
294
143
293
215
146
289
180
306
46
136
165
63
218
295
300
51
254
276
163
175
81
212
98
274
37
18
31
97
158
266
307
120
226
103
288
214
38
111
134
239
124
169
215
230
85
234
271
309
33
2
323
308
305
111
214
192
60
185
93
293
65
19
46
163
109
151
195
279
321
268
132
184
72
223
315
234
148
133
33
210
235
79
141
1
24
124
250
205
239
217
223
314
86
18
237
199
226
179
93
259
219
221
227
61
207
90
187
10
30
217
308
292
307
279
48
8
2
9
40
238
217
281
5
180
240
286
235
280
171
171
109
178
72
19
31
132
157
311
258
321
146
310
65
122
323
143
198
277
154
103
287
229
264
305
56
86
25
121
265
143
165
204
96
234
22
292
28
11
176
207
26
139
59
164
128
260
322
284
142
273
198
19
270
128
289
315
62
72
52
58
110
187
69
118
286
142
22
289
261
307
158
174
21
246
122
116
226
292
316
98
136
291
317
279
141
218
174
96
89
28
87
235
98
168
44
174
304
120
154
169
5
0
296
46
169
291
163
103
302
144
283
56
160
144
168
26
265
142
93
183
251
15
24
60
116
182
216
71
158
233
306
20
60
47
95
76
121
94
147
318
186
79
172
64
246
147
198
294
240
205
195
221
60
268
222
183
266
3
28
253
231
65
174
187
132
104
15
281
232
306
169
227
250
41
230
124
149
135
3
80
205
69
265
273
64
215
187
198
209
74
201
275
304
27
239
287
141
164
155
116
256
114
131
208
102
314
16
327
2
115
298
277
189
60
61
167
202
112
215
282
149
193
117
111
209
50
135
192
221
232
256
111
324
188
67
238
215
209
43
201
319
270
289
66
106
188
292
152
142
62
81
214
178
165
108
155
157
242
282
32
69
322
29
233
290
63
146
224
298
28
135
24
25
301
300
196
86
145
326
240
254
14
17
28
275
136
149
237
82
224
252
191
248
132
138
211
60
102
11
0
274
87
89
163
62
82
134
33
146
288
156
208
307
92
64
14
307
262
182
281
296
124
77
1
228
24
231
198
248
190
99
312
279
55
324
95
115
319
53
183
193
2
70
253
120
265
68
64
26
52
123
302
182
240
249
30
22
43
256
107
205
53
320
197
12
264
247
47
244
250
124
195
16
320
327
9
217
21
5
323
58
10
179
79
154
65
85
120
184
245
127
275
320
252
64
256
40
78
216
7
236
273
221
204
280
320
172
184
193
6
317
213
257
321
204
140
23
246
15
43
174
40
57
146
48
208
164
39
162
179
232
56
256
305
23
273
222
72
131
270
20
56
263
64
41
200
18
120
308
294
276
153
322
160
229
239
206
172
276
3
67
277
262
43
191
107
325
64
281
314
41
175
50
183
222
137
22
181
66
76
267
223
256
76
189
34
137
182
24
241
189
210
311
92
247
231
309
272
88
152
125
153
39
230
30
243
49
290
46
151
108
156
193
221
130
25
207
88
230
25
94
33
153
319
29
9
94
325
271
254
47
57
295
18
229
202
85
267
61
314
175
11
200
273
101
320
206
137
40
100
270
234
78
321
222
247
208
97
8
118
121
10
84
210
233
22
32
277
67
134
51
251
29
326
40
104
58
73
271
154
223
187
316
61
12
86
258
167
85
106
163
154
278
326
217
315
255
285
144
80
203
221
274
76
99
32
279
74
184
189
243
71
195
149
69
157
317
122
254
180
95
126
47
84
231
198
268
4
234
286
253
308
118
100
135
17
108
42
226
43
321
243
177
139
265
122
181
285
150
87
9
314
231
255
100
307
176
103
192
149
259
167
11
113
142
170
156
232
322
296
141
295
33
307
257
212
301
255
291
297
31
139
110
200
48
274
78
4
30
41
77
239
307
79
27
53
3
22
7
150
238
91
255
218
248
304
146
71
60
50
8
140
205
285
296
51
298
304
30
86
93
182
146
18
241
187
220
117
134
76
147
113
224
40
113
279
307
0
298
79
169
2
220
180
312
49
109
9
309
146
306
245
57
217
96
144
141
8
154
63
36
272
187
63
208
117
210
53
256
320
313
203
159
290
147
220
41
111
209
144
282
268
240
267
323
12
89
218
300
53
14
68
245
66
197
199
5
301
32
189
193
70
254
7
102
120
287
154
119
17
78
128
301
164
119
27
31
260
89
98
244
189
286
71
38
75
53
319
302
257
11
119
268
194
318
298
289
18
127
297
11
140
313
213
14
324
199
151
11
191
196
225
41
291
111
107
52
102
92
150
31
314
226
22
26
172
178
169
239
194
104
73
217
47
6
257
264
261
49
44
161
192
314
313
303
246
239
300
322
130
127
3
309
156
68
169
45
316
296
282
16
210
298
308
306
131
23
41
145
156
192
188
104
169
152
5
218
278
80
213
277
310
108
117
173
133
206
268
301
125
285
244
226
296
102
282
223
306
49
261
276
202
137
172
168
201
207
182
171
294
322
154
54
317
114
5
186
277
298
119
165
260
217
246
53
38
188
25
296
4
231
229
180
272
17
7
77
215
129
17
109
212
312
199
168
325
31
89
141
304
298
270
42
240
299
78
204
12
218
310
245
142
196
169
250
249
262
121
262
311
26
247
193
287
23
184
202
26
207
66
49
267
130
49
61
90
215
115
293
151
148
40
171
172
28
233
113
28
288
56
221
108
140
229
141
128
50
42
119
272
139
217
134
227
13
189
74
8
109
6
147
70
230
175
226
49
274
174
265
168
137
95
161
55
191
230
219
12
304
122
261
120
112
94
181
259
137
203
312
36
259
309
137
50
33
127
285
229
303
1
105
257
146
292
10
117
31
117
247
223
11
213
35
113
217
161
190
119
6
24
74
66
93
201
193
55
75
59
275
31
273
305
233
219
295
133
76
110
303
15
265
76
1
192
215
315
22
157
46
229
75
6
22
161
156
97
134
57
192
222
174
260
147
297
151
317
205
182
64
20
141
304
198
203
92
32
310
304
214
73
180
36
113
265
213
233
141
15
319
41
186
308
9
256
21
98
232
169
123
110
55
9
127
308
185
267
74
124
213
163
298
161
253
311
189
28
99
39
203
226
13
1
156
98
190
187
124
86
81
58
263
9
184
86
317
264
255
267
30
297
193
150
243
269
142
194
9
253
168
166
302
277
6
268
173
122
191
70
162
239
175
277
154
64
307
104
247
10
322
211
14
143
242
38
151
176
265
150
234
23
303
63
206
295
322
201
273
18
196
94
305
135
221
148
277
223
6
93
242
295
188
119
49
3
77
105
255
244
275
322
184
151
110
10
139
10
215
154
139
174
111
296
196
264
141
312
101
199
224
254
102
155
199
22
128
308
121
146
268
109
37
210
130
234
230
132
135
65
136
160
73
84
220
230
271
61
73
110
45
126
316
310
90
197
260
287
212
273
194
131
35
315
289
309
313
285
43
75
31
44
99
266
23
320
203
282
113
201
42
204
171
227
17
156
275
300
162
309
232
187
165
204
189
28
15
137
287
85
294
312
124
118
4
198
232
233
122
26
95
304
288
285
181
165
95
189
201
268
240
148
89
103
284
28
187
305
56
210
231
161
138
181
192
58
291
23
257
250
86
195
68
245
284
50
76
22
59
324
203
166
61
203
307
167
195
93
273
168
153
67
295
149
93
175
143
218
308
144
280
236
257
57
13
155
44
194
154
298
126
325
94
310
63
227
70
289
249
84
169
203
267
243
268
105
72
310
20
225
273
320
124
147
193
38
50
95
125
108
24
278
235
127
144
294
241
313
169
144
195
184
59
270
243
299
237
178
41
115
326
290
288
320
237
31
159
81
98
53
317
179
250
319
48
169
106
291
154
232
53
154
158
98
259
159
141
135
260
280
16
281
59
225
20
249
54
29
143
306
213
273
298
146
54
216
262
81
191
78
227
98
125
178
316
30
235
241
238
315
32
87
63
31
315
98
1
225
290
45
184
20
257
272
286
89
265
184
315
319
86
15
119
32
100
166
241
33
242
162
41
104
207
26
301
77
31
231
326
47
316
78
43
19
222
151
61
95
45
203
24
208
271
60
33
166
320
163
214
3
12
150
257
87
91
285
246
317
243
222
322
181
130
216
192
287
235
267
272
265
160
15
238
225
45
103
57
316
110
304
238
14
68
35
168
204
274
163
116
172
153
251
184
119
28
314
166
0
229
250
146
52
39
113
222
41
151
288
168
306
79
160
39
311
78
231
255
79
3
33
186
217
81
98
325
18
272
316
210
146
269
314
108
230
58
96
274
155
156
32
229
299
145
53
51
4
177
95
231
327
134
32
122
221
149
129
61
46
113
263
291
251
226
271
141
274
240
313
85
259
87
320
320
141
200
65
104
15
300
225
23
263
180
64
299
124
289
307
232
55
80
282
101
12
104
194
116
324
246
221
58
216
103
97
79
15
103
46
77
129
191
165
101
198
279
124
159
43
235
201
258
232
19
271
36
285
39
80
121
202
36
23
315
66
171
205
14
116
9
264
230
306
54
40
169
122
212
297
180
266
183
285
99
122
68
215
218
132
302
183
129
69
192
18
48
22
61
101
194
318
45
97
218
23
224
233
144
36
55
108
234
276
135
311
259
260
12
193
163
104
313
31
2
96
286
266
138
142
6
156
248
181
305
325
74
244
190
71
158
281
182
155
246
54
225
285
147
211
256
50
96
265
281
63
142
135
184
265
208
5
41
12
18
257
198
183
213
140
225
123
232
224
281
147
190
84
64
142
40
205
195
49
291
203
220
319
187
50
50
260
257
18
11
224
219
126
85
308
115
39
84
226
272
224
9
210
92
41
55
71
105
153
175
217
90
4
277
110
314
43
17
263
11
108
217
289
141
31
297
119
295
116
307
150
73
323
303
238
30
104
75
191
67
305
181
19
198
258
78
316
263
324
188
46
228
47
115
292
272
229
149
109
8
62
260
246
301
248
102
215
134
295
136
223
194
267
172
323
61
90
36
106
314
134
307
132
78
109
273
244
4
2
239
210
201
74
93
139
196
61
284
216
254
156
55
141
315
309
72
123
157
109
41
216
307
31
87
153
96
88
84
83
257
280
149
115
232
193
93
38
200
164
54
85
295
59
110
176
144
55
105
143
36
115
119
326
300
257
194
159
210
277
56
7
198
39
86
269
165
307
22
78
310
312
227
80
211
222
56
162
267
126
135
215
277
85
100
46
234
84
280
293
73
164
174
138
192
230
228
222
115
149
106
325
87
271
274
227
8
54
111
186
174
166
323
267
204
166
273
225
267
100
293
136
44
62
231
202
164
176
65
274
251
284
45
117
287
146
294
318
70
121
295
264
227
159
145
315
173
27
80
0
119
251
152
14
205
135
151
178
255
195
40
161
136
138
3
32
244
51
26
232
179
181
108
13
16
100
28
141
265
163
78
78
49
165
72
19
35
62
319
304
165
284
238
38
37
295
275
246
163
110
160
273
167
164
166
290
4
320
41
276
283
265
301
107
205
136
237
9
48
25
270
89
136
127
57
155
278
203
306
210
135
130
47
178
242
177
235
241
216
178
224
30
81
192
262
323
295
140
146
259
150
54
2
281
299
69
175
196
245
139
5
287
139
257
316
107
13
170
214
250
231
28
255
117
221
311
261
231
242
163
250
155
303
22
298
247
15
141
257
265
36
226
65
112
42
319
256
310
120
269
135
304
176
230
113
33
5
174
78
251
182
202
312
157
188
308
110
264
171
56
265
232
123
106
5
