2
1000
779
29
2
123
288
694
989
805
912
893
307
255
910
498
365
791
4
966
831
444
183
464
710
649
841
861
24
467
51
882
510
697
849
696
260
391
204
694
418
432
5
242
161
862
569
977
62
615
10
696
517
121
224
258
505
522
916
77
280
515
885
924
253
156
799
470
286
749
464
877
910
510
40
177
989
527
231
152
875
216
299
620
228
791
56
607
435
777
101
948
200
459
778
333
140
602
657
563
843
654
740
675
649
815
13
376
136
886
487
523
697
628
781
814
656
826
453
404
361
486
432
127
944
675
404
287
714
974
710
610
442
355
439
325
64
960
101
641
32
474
530
287
827
161
562
484
30
533
916
529
968
567
438
615
939
831
160
259
429
677
519
966
700
894
63
763
218
542
88
889
408
372
801
368
315
761
533
963
59
617
865
4
451
792
244
6
426
415
74
966
269
637
387
183
872
978
735
491
826
785
172
774
707
318
249
142
738
951
886
365
673
255
239
704
640
245
146
880
633
149
808
345
989
911
833
525
819
46
254
288
589
264
575
78
724
292
152
50
250
527
970
520
20
231
129
33
339
480
312
363
23
637
668
269
348
262
446
504
506
738
53
416
380
751
411
4
278
990
968
106
676
906
645
311
449
788
685
466
720
735
96
652
985
324
528
754
961
106
163
784
399
224
30
439
675
13
202
895
36
53
768
629
868
437
816
422
27
657
500
706
136
790
858
885
274
369
366
473
57
987
798
912
877
393
792
793
194
211
158
44
1000
555
657
542
238
967
290
672
4
687
995
718
308
614
722
504
339
109
282
139
550
961
367
440
972
721
865
156
390
780
503
320
944
706
778
99
287
30
664
404
276
154
821
797
955
771
611
205
615
757
935
497
484
766
987
656
169
93
824
520
65
817
544
305
991
47
666
292
860
450
754
63
572
642
20
54
487
881
575
394
411
434
708
218
585
396
381
174
396
693
778
906
609
140
359
226
259
417
870
612
21
776
473
65
853
186
365
682
233
542
299
266
397
783
757
716
518
428
858
887
452
718
36
174
142
91
748
18
261
925
589
710
867
928
122
903
10
849
419
273
414
992
970
469
907
835
936
742
85
164
81
173
686
451
52
312
820
177
993
404
139
819
587
305
221
413
611
635
886
146
91
947
280
607
931
364
418
577
102
174
58
971
293
251
200
866
211
943
384
823
842
127
129
64
41
523
54
559
559
761
456
955
233
392
48
217
392
219
258
605
482
632
395
102
856
526
280
38
780
759
265
606
975
653
699
770
860
992
840
264
45
902
963
703
638
404
508
443
629
157
461
56
207
791
536
465
451
658
72
435
105
743
849
647
454
757
736
55
347
211
782
575
330
322
353
90
959
23
935
315
550
967
593
804
663
514
697
259
28
777
740
626
629
906
728
476
506
890
751
711
500
103
770
761
856
316
71
806
842
941
435
856
671
680
974
352
825
86
207
792
432
571
30
519
447
392
7
340
597
279
742
638
578
2
39
931
581
486
298
88
578
864
4
536
962
809
564
982
640
161
883
455
717
859
284
549
995
685
348
646
83
414
374
598
986
908
585
423
12
923
559
597
409
830
12
495
785
23
8
866
737
419
198
312
614
826
865
214
196
219
741
333
579
192
105
972
509
505
285
255
982
681
563
55
865
332
774
141
368
784
860
405
729
455
952
491
877
447
790
303
289
66
149
800
326
575
136
643
71
670
814
917
946
832
178
338
828
737
793
193
532
365
252
304
955
377
121
726
79
279
501
440
191
893
397
489
69
978
346
612
629
5
119
129
616
980
783
353
873
321
381
698
505
254
669
365
11
594
363
913
469
695
209
72
90
893
131
520
158
634
97
246
416
469
33
828
565
771
70
950
468
851
69
239
197
481
305
682
137
712
827
940
26
571
237
997
215
495
834
695
104
259
217
499
632
822
651
939
857
230
534
697
57
365
283
532
550
844
558
34
988
908
651
221
11
162
102
323
909
173
484
803
519
131
242
963
625
420
765
31
631
370
5
581
232
822
843
139
264
414
357
117
175
389
302
190
26
731
563
933
196
540
458
362
41
419
559
487
802
162
224
676
517
32
854
565
887
526
793
731
502
375
980
662
626
544
255
469
768
928
846
657
807
460
170
444
542
842
592
417
779
987
261
833
58
573
920
227
60
725
363
132
723
623
967
792
700
373
155
506
397
763
887
473
365
724
977
707
890
676
583
163
613
568
915
733
766
409
779
329
944
793
854
649
401
251
980
476
688
935
612
598
231
55
242
431
204
745
810
746
